 SOUID,    DATE,   TG, Q_TG
111448,20150101,   39,    0
111448,20150102,   54,    0
111448,20150103,   48,    0
111448,20150104,   36,    0
111448,20150105,   34,    0
111448,20150106,   10,    0
111448,20150107,   22,    0
111448,20150108,   36,    0
111448,20150109,   64,    0
111448,20150110,   88,    0
111448,20150111,   37,    0
111448,20150112,   58,    0
111448,20150113,  100,    0
111448,20150114,   63,    0
111448,20150115,   51,    0
111448,20150116,   79,    0
111448,20150117,   37,    0
111448,20150118,    4,    0
111448,20150119,   -4,    0
111448,20150120,   10,    0
111448,20150121,    8,    0
111448,20150122,   -3,    0
111448,20150123,    3,    0
111448,20150124,   -1,    0
111448,20150125,   12,    0
111448,20150126,   24,    0
111448,20150127,   35,    0
111448,20150128,   33,    0
111448,20150129,   23,    0
111448,20150130,   10,    0
111448,20150131,    5,    0
111448,20150201,   11,    0
111448,20150202,   11,    0
111448,20150203,    2,    0
111448,20150204,   -9,    0
111448,20150205,  -12,    0
111448,20150206,  -34,    0
111448,20150207,   -9,    0
111448,20150208,   18,    0
111448,20150209,   42,    0
111448,20150210,   53,    0
111448,20150211,   51,    0
111448,20150212,   11,    0
111448,20150213,   12,    0
111448,20150214,   11,    0
111448,20150215,   24,    0
111448,20150216,    5,    0
111448,20150217,   13,    0
111448,20150218,   35,    0
111448,20150219,   28,    0
111448,20150220,   35,    0
111448,20150221,   59,    0
111448,20150222,   21,    0
111448,20150223,   20,    0
111448,20150224,   40,    0
111448,20150225,   32,    0
111448,20150226,   32,    0
111448,20150227,   43,    0
111448,20150228,   41,    0
111448,20150301,   38,    0
111448,20150302,   54,    0
111448,20150303,   47,    0
111448,20150304,   36,    0
111448,20150305,   39,    0
111448,20150306,   47,    0
111448,20150307,   79,    0
111448,20150308,  112,    0
111448,20150309,   94,    0
111448,20150310,   70,    0
111448,20150311,   48,    0
111448,20150312,   30,    0
111448,20150313,   26,    0
111448,20150314,   44,    0
111448,20150315,   60,    0
111448,20150316,   83,    0
111448,20150317,  113,    0
111448,20150318,   87,    0
111448,20150319,   67,    0
111448,20150320,   67,    0
111448,20150321,   34,    0
111448,20150322,   13,    0
111448,20150323,   54,    0
111448,20150324,   83,    0
111448,20150325,   94,    0
111448,20150326,   82,    0
111448,20150327,   73,    0
111448,20150328,   71,    0
111448,20150329,   95,    0
111448,20150330,   64,    0
111448,20150331,   59,    0
111448,20150401,   46,    0
111448,20150402,   33,    0
111448,20150403,   49,    0
111448,20150404,   44,    0
111448,20150405,   48,    0
111448,20150406,   54,    0
111448,20150407,   71,    0
111448,20150408,   82,    0
111448,20150409,  100,    0
111448,20150410,  133,    0
111448,20150411,  152,    0
111448,20150412,  103,    0
111448,20150413,   95,    0
111448,20150414,  102,    0
111448,20150415,  164,    0
111448,20150416,  105,    0
111448,20150417,   73,    0
111448,20150418,   65,    0
111448,20150419,   93,    0
111448,20150420,  112,    0
111448,20150421,  138,    0
111448,20150422,   95,    0
111448,20150423,  122,    0
111448,20150424,  145,    0
111448,20150425,  163,    0
111448,20150426,  140,    0
111448,20150427,  102,    0
111448,20150428,   79,    0
111448,20150429,   91,    0
111448,20150430,  106,    0
111448,20150501,   98,    0
111448,20150502,   93,    0
111448,20150503,  133,    0
111448,20150504,  178,    0
111448,20150505,  190,    0
111448,20150506,  160,    0
111448,20150507,  131,    0
111448,20150508,  135,    0
111448,20150509,  162,    0
111448,20150510,  115,    0
111448,20150511,  140,    0
111448,20150512,  184,    0
111448,20150513,  134,    0
111448,20150514,  102,    0
111448,20150515,  114,    0
111448,20150516,  113,    0
111448,20150517,  114,    0
111448,20150518,  148,    0
111448,20150519,  154,    0
111448,20150520,  137,    0
111448,20150521,  127,    0
111448,20150522,  145,    0
111448,20150523,  158,    0
111448,20150524,  143,    0
111448,20150525,  165,    0
111448,20150526,  130,    0
111448,20150527,  113,    0
111448,20150528,  138,    0
111448,20150529,  157,    0
111448,20150530,  131,    0
111448,20150531,  155,    0
111448,20150601,  144,    0
111448,20150602,  186,    0
111448,20150603,  192,    0
111448,20150604,  163,    0
111448,20150605,  213,    0
111448,20150606,  241,    0
111448,20150607,  187,    0
111448,20150608,  159,    0
111448,20150609,  151,    0
111448,20150610,  169,    0
111448,20150611,  188,    0
111448,20150612,  208,    0
111448,20150613,  220,    0
111448,20150614,  182,    0
111448,20150615,  150,    0
111448,20150616,  120,    0
111448,20150617,  157,    0
111448,20150618,  158,    0
111448,20150619,  135,    0
111448,20150620,  134,    0
111448,20150621,  150,    0
111448,20150622,  149,    0
111448,20150623,  118,    0
111448,20150624,  131,    0
111448,20150625,  180,    0
111448,20150626,  191,    0
111448,20150627,  188,    0
111448,20150628,  177,    0
111448,20150629,  211,    0
111448,20150630,  211,    0
111448,20150701,  211,    0
111448,20150702,  240,    0
111448,20150703,  270,    0
111448,20150704,  301,    0
111448,20150705,  289,    0
111448,20150706,  219,    0
111448,20150707,  239,    0
111448,20150708,  197,    0
111448,20150709,  157,    0
111448,20150710,  153,    0
111448,20150711,  176,    0
111448,20150712,  184,    0
111448,20150713,  172,    0
111448,20150714,  174,    0
111448,20150715,  190,    0
111448,20150716,  210,    0
111448,20150717,  244,    0
111448,20150718,  231,    0
111448,20150719,  182,    0
111448,20150720,  196,    0
111448,20150721,  232,    0
111448,20150722,  246,    0
111448,20150723,  205,    0
111448,20150724,  207,    0
111448,20150725,  217,    0
111448,20150726,  168,    0
111448,20150727,  173,    0
111448,20150728,  175,    0
111448,20150729,  167,    0
111448,20150730,  160,    0
111448,20150731,  149,    0
111448,20150801,  183,    0
111448,20150802,  229,    0
111448,20150803,  246,    0
111448,20150804,  267,    0
111448,20150805,  214,    0
111448,20150806,  262,    0
111448,20150807,  286,    0
111448,20150808,  254,    0
111448,20150809,  224,    0
111448,20150810,  256,    0
111448,20150811,  271,    0
111448,20150812,  233,    0
111448,20150813,  240,    0
111448,20150814,  274,    0
111448,20150815,  251,    0
111448,20150816,  229,    0
111448,20150817,  232,    0
111448,20150818,  191,    0
111448,20150819,  187,    0
111448,20150820,  196,    0
111448,20150821,  201,    0
111448,20150822,  208,    0
111448,20150823,  202,    0
111448,20150824,  217,    0
111448,20150825,  185,    0
111448,20150826,  204,    0
111448,20150827,  215,    0
111448,20150828,  170,    0
111448,20150829,  185,    0
111448,20150830,  225,    0
111448,20150831,  273,    0
111448,20150901,  227,    0
111448,20150902,  165,    0
111448,20150903,  151,    0
111448,20150904,  155,    0
111448,20150905,  144,    0
111448,20150906,  133,    0
111448,20150907,  135,    0
111448,20150908,  141,    0
111448,20150909,  130,    0
111448,20150910,  138,    0
111448,20150911,  139,    0
111448,20150912,  168,    0
111448,20150913,  190,    0
111448,20150914,  177,    0
111448,20150915,  159,    0
111448,20150916,  174,    0
111448,20150917,  191,    0
111448,20150918,  159,    0
111448,20150919,  152,    0
111448,20150920,  128,    0
111448,20150921,  129,    0
111448,20150922,  149,    0
111448,20150923,  135,    0
111448,20150924,  139,    0
111448,20150925,  136,    0
111448,20150926,  126,    0
111448,20150927,  114,    0
111448,20150928,  118,    0
111448,20150929,  112,    0
111448,20150930,  114,    0
111448,20151001,  104,    0
111448,20151002,  109,    0
111448,20151003,  134,    0
111448,20151004,  152,    0
111448,20151005,  136,    0
111448,20151006,  142,    0
111448,20151007,  129,    0
111448,20151008,   78,    0
111448,20151009,   87,    0
111448,20151010,   62,    0
111448,20151011,   49,    0
111448,20151012,   44,    0
111448,20151013,   41,    0
111448,20151014,   53,    0
111448,20151015,   66,    0
111448,20151016,   80,    0
111448,20151017,   83,    0
111448,20151018,   87,    0
111448,20151019,   83,    0
111448,20151020,   96,    0
111448,20151021,   97,    0
111448,20151022,   94,    0
111448,20151023,  115,    0
111448,20151024,   87,    0
111448,20151025,   99,    0
111448,20151026,   77,    0
111448,20151027,   90,    0
111448,20151028,   80,    0
111448,20151029,   65,    0
111448,20151030,   73,    0
111448,20151031,  107,    0
111448,20151101,   95,    0
111448,20151102,   69,    0
111448,20151103,   44,    0
111448,20151104,   37,    0
111448,20151105,   88,    0
111448,20151106,  116,    0
111448,20151107,  153,    0
111448,20151108,  137,    0
111448,20151109,  139,    0
111448,20151110,  143,    0
111448,20151111,  139,    0
111448,20151112,  120,    0
111448,20151113,  114,    0
111448,20151114,   78,    0
111448,20151115,   96,    0
111448,20151116,  109,    0
111448,20151117,  118,    0
111448,20151118,  120,    0
111448,20151119,  116,    0
111448,20151120,   79,    0
111448,20151121,   49,    0
111448,20151122,   14,    0
111448,20151123,    7,    0
111448,20151124,   13,    0
111448,20151125,   33,    0
111448,20151126,   46,    0
111448,20151127,   19,    0
111448,20151128,    9,    0
111448,20151129,   57,    0
111448,20151130,   62,    0
111448,20151201,   58,    0
111448,20151202,   94,    0
111448,20151203,   84,    0
111448,20151204,   69,    0
111448,20151205,   67,    0
111448,20151206,   88,    0
111448,20151207,  110,    0
111448,20151208,   88,    0
111448,20151209,   64,    0
111448,20151210,   33,    0
111448,20151211,   41,    0
111448,20151212,   54,    0
111448,20151213,   53,    0
111448,20151214,   10,    0
111448,20151215,   53,    0
111448,20151216,   59,    0
111448,20151217,  107,    0
111448,20151218,  113,    0
111448,20151219,   94,    0
111448,20151220,   96,    0
111448,20151221,   97,    0
111448,20151222,  116,    0
111448,20151223,  116,    0
111448,20151224,   71,    0
111448,20151225,   94,    0
111448,20151226,  130,    0
111448,20151227,  107,    0
111448,20151228,   72,    0
111448,20151229,   45,    0
111448,20151230,    7,    0
111448,20151231,    2,    0
111448,20160101,   16,    0
111448,20160102,  -36,    0
111448,20160103,  -98,    0
111448,20160104,  -91,    0
111448,20160105,  -84,    0
111448,20160106,  -78,    0
111448,20160107,  -55,    0
111448,20160108,   32,    0
111448,20160109,    9,    0
111448,20160110,    6,    0
111448,20160111,   24,    0
111448,20160112,   29,    0
111448,20160113,   26,    0
111448,20160114,   18,    0
111448,20160115,   -2,    0
111448,20160116,   -2,    0
111448,20160117,  -12,    0
111448,20160118,  -38,    0
111448,20160119,  -62,    0
111448,20160120,  -20,    0
111448,20160121,  -31,    0
111448,20160122,  -64,    0
111448,20160123,  -13,    0
111448,20160124,   37,    0
111448,20160125,   78,    0
111448,20160126,   89,    0
111448,20160127,  102,    0
111448,20160128,   79,    0
111448,20160129,   54,    0
111448,20160130,   77,    0
111448,20160131,   43,    0
111448,20160201,   75,    0
111448,20160202,   92,    0
111448,20160203,   58,    0
111448,20160204,   34,    0
111448,20160205,   36,    0
111448,20160206,   79,    0
111448,20160207,   67,    0
111448,20160208,   79,    0
111448,20160209,   83,    0
111448,20160210,   54,    0
111448,20160211,   44,    0
111448,20160212,   28,    0
111448,20160213,   13,    0
111448,20160214,   30,    0
111448,20160215,   36,    0
111448,20160216,    4,    0
111448,20160217,    0,    0
111448,20160218,   27,    0
111448,20160219,   35,    0
111448,20160220,   35,    0
111448,20160221,   83,    0
111448,20160222,   70,    0
111448,20160223,   48,    0
111448,20160224,   32,    0
111448,20160225,   11,    0
111448,20160226,   19,    0
111448,20160227,   13,    0
111448,20160228,   27,    0
111448,20160229,   13,    0
111448,20160301,   15,    0
111448,20160302,   44,    0
111448,20160303,   41,    0
111448,20160304,   41,    0
111448,20160305,   57,    0
111448,20160306,   37,    0
111448,20160307,   28,    0
111448,20160308,   28,    0
111448,20160309,   32,    0
111448,20160310,   52,    0
111448,20160311,   39,    0
111448,20160312,   29,    0
111448,20160313,   17,    0
111448,20160314,   40,    0
111448,20160315,   45,    0
111448,20160316,   48,    0
111448,20160317,   58,    0
111448,20160318,   48,    0
111448,20160319,   62,    0
111448,20160320,   57,    0
111448,20160321,   58,    0
111448,20160322,   64,    0
111448,20160323,   53,    0
111448,20160324,   45,    0
111448,20160325,   64,    0
111448,20160326,   94,    0
111448,20160327,   91,    0
111448,20160328,  104,    0
111448,20160329,   75,    0
111448,20160330,   76,    0
111448,20160331,   79,    0
111448,20160401,   83,    0
111448,20160402,   99,    0
111448,20160403,  131,    0
111448,20160404,  152,    0
111448,20160405,  160,    0
111448,20160406,  119,    0
111448,20160407,  103,    0
111448,20160408,   85,    0
111448,20160409,   90,    0
111448,20160410,   79,    0
111448,20160411,   95,    0
111448,20160412,  106,    0
111448,20160413,  125,    0
111448,20160414,   91,    0
111448,20160415,   89,    0
111448,20160416,  105,    0
111448,20160417,   92,    0
111448,20160418,   88,    0
111448,20160419,  103,    0
111448,20160420,   89,    0
111448,20160421,   96,    0
111448,20160422,   92,    0
111448,20160423,   71,    0
111448,20160424,   48,    0
111448,20160425,   54,    0
111448,20160426,   52,    0
111448,20160427,   51,    0
111448,20160428,   57,    0
111448,20160429,   92,    0
111448,20160430,  125,    0
111448,20160501,  127,    0
111448,20160502,  132,    0
111448,20160503,  125,    0
111448,20160504,  102,    0
111448,20160505,  139,    0
111448,20160506,  171,    0
111448,20160507,  183,    0
111448,20160508,  184,    0
111448,20160509,  191,    0
111448,20160510,  185,    0
111448,20160511,  191,    0
111448,20160512,  184,    0
111448,20160513,  164,    0
111448,20160514,  109,    0
111448,20160515,   90,    0
111448,20160516,   99,    0
111448,20160517,  100,    0
111448,20160518,  150,    0
111448,20160519,  176,    0
111448,20160520,  178,    0
111448,20160521,  195,    0
111448,20160522,  224,    0
111448,20160523,  210,    0
111448,20160524,  163,    0
111448,20160525,  139,    0
111448,20160526,  142,    0
111448,20160527,  164,    0
111448,20160528,  184,    0
111448,20160529,  214,    0
111448,20160530,  210,    0
111448,20160531,  199,    0
111448,20160601,  193,    0
111448,20160602,  199,    0
111448,20160603,  218,    0
111448,20160604,  223,    0
111448,20160605,  222,    0
111448,20160606,  199,    0
111448,20160607,  197,    0
111448,20160608,  207,    0
111448,20160609,  183,    0
111448,20160610,  166,    0
111448,20160611,  171,    0
111448,20160612,  167,    0
111448,20160613,  145,    0
111448,20160614,  175,    0
111448,20160615,  158,    0
111448,20160616,  180,    0
111448,20160617,  158,    0
111448,20160618,  172,    0
111448,20160619,  174,    0
111448,20160620,  182,    0
111448,20160621,  191,    0
111448,20160622,  221,    0
111448,20160623,  259,    0
111448,20160624,  282,    0
111448,20160625,  265,    0
111448,20160626,  198,    0
111448,20160627,  196,    0
111448,20160628,  193,    0
111448,20160629,  198,    0
111448,20160630,  207,    0
111448,20160701,  230,    0
111448,20160702,  190,    0
111448,20160703,  170,    0
111448,20160704,  183,    0
111448,20160705,  202,    0
111448,20160706,  165,    0
111448,20160707,  176,    0
111448,20160708,  205,    0
111448,20160709,  189,    0
111448,20160710,  251,    0
111448,20160711,  250,    0
111448,20160712,  223,    0
111448,20160713,  183,    0
111448,20160714,  159,    0
111448,20160715,  156,    0
111448,20160716,  191,    0
111448,20160717,  200,    0
111448,20160718,  191,    0
111448,20160719,  200,    0
111448,20160720,  226,    0
111448,20160721,  236,    0
111448,20160722,  236,    0
111448,20160723,  224,    0
111448,20160724,  229,    0
111448,20160725,  248,    0
111448,20160726,  237,    0
111448,20160727,  200,    0
111448,20160728,  215,    0
111448,20160729,  213,    0
111448,20160730,  214,    0
111448,20160731,  200,    0
111448,20160801,  179,    0
111448,20160802,  164,    0
111448,20160803,  191,    0
111448,20160804,  199,    0
111448,20160805,  185,    0
111448,20160806,  181,    0
111448,20160807,  194,    0
111448,20160808,  214,    0
111448,20160809,  170,    0
111448,20160810,  142,    0
111448,20160811,  143,    0
111448,20160812,  164,    0
111448,20160813,  214,    0
111448,20160814,  190,    0
111448,20160815,  166,    0
111448,20160816,  154,    0
111448,20160817,  158,    0
111448,20160818,  163,    0
111448,20160819,  197,    0
111448,20160820,  204,    0
111448,20160821,  179,    0
111448,20160822,  191,    0
111448,20160823,  198,    0
111448,20160824,  220,    0
111448,20160825,  228,    0
111448,20160826,  254,    0
111448,20160827,  241,    0
111448,20160828,  258,    0
111448,20160829,  204,    0
111448,20160830,  171,    0
111448,20160831,  194,    0
111448,20160901,  203,    0
111448,20160902,  200,    0
111448,20160903,  211,    0
111448,20160904,  184,    0
111448,20160905,  174,    0
111448,20160906,  169,    0
111448,20160907,  191,    0
111448,20160908,  224,    0
111448,20160909,  214,    0
111448,20160910,  211,    0
111448,20160911,  232,    0
111448,20160912,  239,    0
111448,20160913,  240,    0
111448,20160914,  228,    0
111448,20160915,  205,    0
111448,20160916,  209,    0
111448,20160917,  183,    0
111448,20160918,  161,    0
111448,20160919,  155,    0
111448,20160920,  146,    0
111448,20160921,  157,    0
111448,20160922,  138,    0
111448,20160923,  163,    0
111448,20160924,  156,    0
111448,20160925,  157,    0
111448,20160926,  148,    0
111448,20160927,  153,    0
111448,20160928,  171,    0
111448,20160929,  206,    0
111448,20160930,  160,    0
111448,20161001,  127,    0
111448,20161002,  137,    0
111448,20161003,  122,    0
111448,20161004,  126,    0
111448,20161005,   92,    0
111448,20161006,  104,    0
111448,20161007,  101,    0
111448,20161008,   97,    0
111448,20161009,   86,    0
111448,20161010,   82,    0
111448,20161011,   79,    0
111448,20161012,   73,    0
111448,20161013,   71,    0
111448,20161014,   80,    0
111448,20161015,   87,    0
111448,20161016,   87,    0
111448,20161017,   78,    0
111448,20161018,   93,    0
111448,20161019,   97,    0
111448,20161020,   81,    0
111448,20161021,   79,    0
111448,20161022,   74,    0
111448,20161023,   74,    0
111448,20161024,   79,    0
111448,20161025,   88,    0
111448,20161026,   68,    0
111448,20161027,   88,    0
111448,20161028,  113,    0
111448,20161029,   94,    0
111448,20161030,   79,    0
111448,20161031,   78,    0
111448,20161101,  101,    0
111448,20161102,   64,    0
111448,20161103,   35,    0
111448,20161104,   55,    0
111448,20161105,   67,    0
111448,20161106,   60,    0
111448,20161107,   45,    0
111448,20161108,   32,    0
111448,20161109,   14,    0
111448,20161110,    7,    0
111448,20161111,    6,    0
111448,20161112,  -11,    0
111448,20161113,  -17,    0
111448,20161114,   -5,    0
111448,20161115,   29,    0
111448,20161116,   80,    0
111448,20161117,   95,    0
111448,20161118,   98,    0
111448,20161119,   63,    0
111448,20161120,   67,    0
111448,20161121,   97,    0
111448,20161122,   98,    0
111448,20161123,   70,    0
111448,20161124,   53,    0
111448,20161125,   19,    0
111448,20161126,    9,    0
111448,20161127,   43,    0
111448,20161128,    1,    0
111448,20161129,  -14,    0
111448,20161130,   15,    0
111448,20161201,   66,    0
111448,20161202,   43,    0
111448,20161203,    0,    0
111448,20161204,  -12,    0
111448,20161205,  -27,    0
111448,20161206,   10,    0
111448,20161207,   20,    0
111448,20161208,   74,    0
111448,20161209,   78,    0
111448,20161210,   92,    0
111448,20161211,   74,    0
111448,20161212,   35,    0
111448,20161213,   10,    0
111448,20161214,   42,    0
111448,20161215,   27,    0
111448,20161216,   13,    0
111448,20161217,   -6,    0
111448,20161218,   44,    0
111448,20161219,   41,    0
111448,20161220,    0,    0
111448,20161221,   -2,    0
111448,20161222,    9,    0
111448,20161223,   30,    0
111448,20161224,   47,    0
111448,20161225,   76,    0
111448,20161226,   84,    0
111448,20161227,   63,    0
111448,20161228,   61,    0
111448,20161229,   41,    0
111448,20161230,    3,    0
111448,20161231,    8,    0
111448,20170101,   23,    0
111448,20170102,   10,    0
111448,20170103,   27,    0
111448,20170104,   25,    0
111448,20170105,  -29,    0
111448,20170106,  -59,    0
111448,20170107,  -56,    0
111448,20170108,  -24,    0
111448,20170109,  -14,    0
111448,20170110,  -19,    0
111448,20170111,  -29,    0
111448,20170112,   35,    0
111448,20170113,   17,    0
111448,20170114,    4,    0
111448,20170115,    5,    0
111448,20170116,  -18,    0
111448,20170117,  -28,    0
111448,20170118,  -42,    0
111448,20170119,  -28,    0
111448,20170120,    5,    0
111448,20170121,   19,    0
111448,20170122,    0,    0
111448,20170123,  -28,    0
111448,20170124,   -6,    0
111448,20170125,    6,    0
111448,20170126,    3,    0
111448,20170127,  -11,    0
111448,20170128,  -30,    0
111448,20170129,    7,    0
111448,20170130,    4,    0
111448,20170131,   -2,    0
111448,20170201,   -6,    0
111448,20170202,  -19,    0
111448,20170203,   12,    0
111448,20170204,   20,    0
111448,20170205,   16,    0
111448,20170206,  -10,    0
111448,20170207,  -12,    0
111448,20170208,  -39,    0
111448,20170209,  -41,    0
111448,20170210,  -31,    0
111448,20170211,  -24,    0
111448,20170212,  -21,    0
111448,20170213,  -32,    0
111448,20170214,  -23,    0
111448,20170215,   33,    0
111448,20170216,   58,    0
111448,20170217,   54,    0
111448,20170218,   42,    0
111448,20170219,   44,    0
111448,20170220,   71,    0
111448,20170221,   79,    0
111448,20170222,   75,    0
111448,20170223,   72,    0
111448,20170224,   37,    0
111448,20170225,   39,    0
111448,20170226,   83,    0
111448,20170227,  100,    0
111448,20170228,   89,    0
111448,20170301,   46,    0
111448,20170302,   55,    0
111448,20170303,   72,    0
111448,20170304,  101,    0
111448,20170305,   95,    0
111448,20170306,   60,    0
111448,20170307,   31,    0
111448,20170308,   62,    0
111448,20170309,   74,    0
111448,20170310,   67,    0
111448,20170311,   52,    0
111448,20170312,   16,    0
111448,20170313,   43,    0
111448,20170314,   67,    0
111448,20170315,  103,    0
111448,20170316,   84,    0
111448,20170317,   79,    0
111448,20170318,   62,    0
111448,20170319,   45,    0
111448,20170320,  114,    0
111448,20170321,  101,    0
111448,20170322,   75,    0
111448,20170323,   66,    0
111448,20170324,   77,    0
111448,20170325,   74,    0
111448,20170326,   81,    0
111448,20170327,  111,    0
111448,20170328,  138,    0
111448,20170329,  117,    0
111448,20170330,  134,    0
111448,20170331,  165,    0
111448,20170401,  165,    0
111448,20170402,  136,    0
111448,20170403,   92,    0
111448,20170404,   94,    0
111448,20170405,  103,    0
111448,20170406,   89,    0
111448,20170407,   91,    0
111448,20170408,  110,    0
111448,20170409,  135,    0
111448,20170410,  120,    0
111448,20170411,   76,    0
111448,20170412,   92,    0
111448,20170413,   90,    0
111448,20170414,   90,    0
111448,20170415,   84,    0
111448,20170416,   60,    0
111448,20170417,   58,    0
111448,20170418,   46,    0
111448,20170419,   29,    0
111448,20170420,   45,    0
111448,20170421,  100,    0
111448,20170422,   69,    0
111448,20170423,   59,    0
111448,20170424,   89,    0
111448,20170425,   82,    0
111448,20170426,   69,    0
111448,20170427,   76,    0
111448,20170428,   86,    0
111448,20170429,   74,    0
111448,20170430,   80,    0
111448,20170501,  111,    0
111448,20170502,   99,    0
111448,20170503,  117,    0
111448,20170504,   89,    0
111448,20170505,  109,    0
111448,20170506,  125,    0
111448,20170507,  126,    0
111448,20170508,   80,    0
111448,20170509,   61,    0
111448,20170510,   85,    0
111448,20170511,  123,    0
111448,20170512,  154,    0
111448,20170513,  153,    0
111448,20170514,  159,    0
111448,20170515,  161,    0
111448,20170516,  157,    0
111448,20170517,  206,    0
111448,20170518,  222,    0
111448,20170519,  232,    0
111448,20170520,  160,    0
111448,20170521,  164,    0
111448,20170522,  167,    0
111448,20170523,  184,    0
111448,20170524,  133,    0
111448,20170525,  145,    0
111448,20170526,  174,    0
111448,20170527,  206,    0
111448,20170528,  241,    0
111448,20170529,  247,    0
111448,20170530,  227,    0
111448,20170531,  193,    0
111448,20170601,  163,    0
111448,20170602,  189,    0
111448,20170603,  179,    0
111448,20170604,  170,    0
111448,20170605,  168,    0
111448,20170606,  179,    0
111448,20170607,  149,    0
111448,20170608,  169,    0
111448,20170609,  207,    0
111448,20170610,  191,    0
111448,20170611,  230,    0
111448,20170612,  205,    0
111448,20170613,  171,    0
111448,20170614,  173,    0
111448,20170615,  214,    0
111448,20170616,  174,    0
111448,20170617,  172,    0
111448,20170618,  205,    0
111448,20170619,  249,    0
111448,20170620,  240,    0
111448,20170621,  194,    0
111448,20170622,  201,    0
111448,20170623,  202,    0
111448,20170624,  200,    0
111448,20170625,  183,    0
111448,20170626,  172,    0
111448,20170627,  177,    0
111448,20170628,  202,    0
111448,20170629,  186,    0
111448,20170630,  162,    0
111448,20170701,  159,    0
111448,20170702,  161,    0
111448,20170703,  178,    0
111448,20170704,  175,    0
111448,20170705,  167,    0
111448,20170706,  198,    0
111448,20170707,  200,    0
111448,20170708,  201,    0
111448,20170709,  196,    0
111448,20170710,  190,    0
111448,20170711,  194,    0
111448,20170712,  176,    0
111448,20170713,  155,    0
111448,20170714,  173,    0
111448,20170715,  176,    0
111448,20170716,  183,    0
111448,20170717,  188,    0
111448,20170718,  191,    0
111448,20170719,  222,    0
111448,20170720,  234,    0
111448,20170721,  220,    0
111448,20170722,  205,    0
111448,20170723,  202,    0
111448,20170724,  199,    0
111448,20170725,  164,    0
111448,20170726,  163,    0
111448,20170727,  186,    0
111448,20170728,  190,    0
111448,20170729,  212,    0
111448,20170730,  256,    0
111448,20170731,  246,    0
111448,20170801,  242,    0
111448,20170802,  228,    0
111448,20170803,  227,    0
111448,20170804,  218,    0
111448,20170805,  188,    0
111448,20170806,  180,    0
111448,20170807,  188,    0
111448,20170808,  210,    0
111448,20170809,  226,    0
111448,20170810,  209,    0
111448,20170811,  173,    0
111448,20170812,  157,    0
111448,20170813,  180,    0
111448,20170814,  191,    0
111448,20170815,  218,    0
111448,20170816,  200,    0
111448,20170817,  210,    0
111448,20170818,  218,    0
111448,20170819,  177,    0
111448,20170820,  165,    0
111448,20170821,  158,    0
111448,20170822,  148,    0
111448,20170823,  158,    0
111448,20170824,  174,    0
111448,20170825,  187,    0
111448,20170826,  187,    0
111448,20170827,  196,    0
111448,20170828,  183,    0
111448,20170829,  206,    0
111448,20170830,  229,    0
111448,20170831,  212,    0
111448,20170901,  153,    0
111448,20170902,  148,    0
111448,20170903,  139,    0
111448,20170904,  151,    0
111448,20170905,  168,    0
111448,20170906,  164,    0
111448,20170907,  145,    0
111448,20170908,  149,    0
111448,20170909,  162,    0
111448,20170910,  164,    0
111448,20170911,  155,    0
111448,20170912,  144,    0
111448,20170913,  142,    0
111448,20170914,  131,    0
111448,20170915,  133,    0
111448,20170916,  126,    0
111448,20170917,  121,    0
111448,20170918,  128,    0
111448,20170919,  125,    0
111448,20170920,  128,    0
111448,20170921,  138,    0
111448,20170922,  135,    0
111448,20170923,  119,    0
111448,20170924,  145,    0
111448,20170925,  139,    0
111448,20170926,  144,    0
111448,20170927,  151,    0
111448,20170928,  156,    0
111448,20170929,  157,    0
111448,20170930,  144,    0
111448,20171001,  126,    0
111448,20171002,  126,    0
111448,20171003,  130,    0
111448,20171004,  123,    0
111448,20171005,  110,    0
111448,20171006,  104,    0
111448,20171007,  105,    0
111448,20171008,  104,    0
111448,20171009,   89,    0
111448,20171010,  118,    0
111448,20171011,  148,    0
111448,20171012,  141,    0
111448,20171013,  128,    0
111448,20171014,  157,    0
111448,20171015,  162,    0
111448,20171016,  167,    0
111448,20171017,  167,    0
111448,20171018,  135,    0
111448,20171019,  113,    0
111448,20171020,  132,    0
111448,20171021,  117,    0
111448,20171022,  121,    0
111448,20171023,  103,    0
111448,20171024,  110,    0
111448,20171025,  147,    0
111448,20171026,  128,    0
111448,20171027,  105,    0
111448,20171028,  101,    0
111448,20171029,   78,    0
111448,20171030,   61,    0
111448,20171031,   73,    0
111448,20171101,   98,    0
111448,20171102,   97,    0
111448,20171103,   90,    0
111448,20171104,   78,    0
111448,20171105,   95,    0
111448,20171106,   66,    0
111448,20171107,   58,    0
111448,20171108,   71,    0
111448,20171109,   62,    0
111448,20171110,   71,    0
111448,20171111,   55,    0
111448,20171112,   43,    0
111448,20171113,   46,    0
111448,20171114,   38,    0
111448,20171115,   79,    0
111448,20171116,   81,    0
111448,20171117,   61,    0
111448,20171118,   40,    0
111448,20171119,   45,    0
111448,20171120,   44,    0
111448,20171121,   44,    0
111448,20171122,   84,    0
111448,20171123,   92,    0
111448,20171124,  100,    0
111448,20171125,   45,    0
111448,20171126,   33,    0
111448,20171127,   42,    0
111448,20171128,   61,    0
111448,20171129,   31,    0
111448,20171130,   16,    0
111448,20171201,   19,    0
111448,20171202,   25,    0
111448,20171203,    4,    0
111448,20171204,   36,    0
111448,20171205,   65,    0
111448,20171206,   74,    0
111448,20171207,   62,    0
111448,20171208,   42,    0
111448,20171209,   12,    0
111448,20171210,    1,    0
111448,20171211,   33,    0
111448,20171212,   47,    0
111448,20171213,   23,    0
111448,20171214,   35,    0
111448,20171215,   21,    0
111448,20171216,   26,    0
111448,20171217,   17,    0
111448,20171218,    7,    0
111448,20171219,   17,    0
111448,20171220,   32,    0
111448,20171221,   62,    0
111448,20171222,   58,    0
111448,20171223,   70,    0
111448,20171224,   99,    0
111448,20171225,   85,    0
111448,20171226,   50,    0
111448,20171227,   30,    0
111448,20171228,   31,    0
111448,20171229,   17,    0
111448,20171230,   27,    0
111448,20171231,   95,    0
111448,20180101,   85,    0
111448,20180102,   46,    0
111448,20180103,   51,    0
111448,20180104,   68,    0
111448,20180105,   71,    0
111448,20180106,   53,    0
111448,20180107,   12,    0
111448,20180108,  -18,    0
111448,20180109,   19,    0
111448,20180110,   24,    0
111448,20180111,   27,    0
111448,20180112,   16,    0
111448,20180113,    3,    0
111448,20180114,  -17,    0
111448,20180115,    3,    0
111448,20180116,   29,    0
111448,20180117,   15,    0
111448,20180118,   26,    0
111448,20180119,   26,    0
111448,20180120,   13,    0
111448,20180121,    3,    0
111448,20180122,    4,    0
111448,20180123,   22,    0
111448,20180124,   87,    0
111448,20180125,   91,    0
111448,20180126,   68,    0
111448,20180127,   58,    0
111448,20180128,   76,    0
111448,20180129,   96,    0
111448,20180130,   49,    0
111448,20180131,   53,    0
111448,20180201,   42,    0
111448,20180202,   25,    0
111448,20180203,   12,    0
111448,20180204,   -2,    0
111448,20180205,  -10,    0
111448,20180206,  -30,    0
111448,20180207,  -19,    0
111448,20180208,  -27,    0
111448,20180209,  -22,    0
111448,20180210,    3,    0
111448,20180211,   19,    0
111448,20180212,   20,    0
111448,20180213,    9,    0
111448,20180214,  -10,    0
111448,20180215,   -2,    0
111448,20180216,   36,    0
111448,20180217,   27,    0
111448,20180218,   25,    0
111448,20180219,   17,    0
111448,20180220,    0,    0
111448,20180221,   -1,    0
111448,20180222,   -1,    0
111448,20180223,  -33,    0
111448,20180224,  -26,    0
111448,20180225,  -52,    0
111448,20180226,  -60,    0
111448,20180227,  -76,    0
111448,20180228,  -88,    0
111448,20180301,  -88,    0
111448,20180302,  -83,    0
111448,20180303,  -71,    0
111448,20180304,  -26,    0
111448,20180305,   28,    0
111448,20180306,   11,    0
111448,20180307,   16,    0
111448,20180308,   47,    0
111448,20180309,   52,    0
111448,20180310,   52,    0
111448,20180311,  108,    0
111448,20180312,   86,    0
111448,20180313,   92,    0
111448,20180314,   40,    0
111448,20180315,   29,    0
111448,20180316,   -2,    0
111448,20180317,  -32,    0
111448,20180318,  -25,    0
111448,20180319,  -14,    0
111448,20180320,  -13,    0
111448,20180321,   17,    0
111448,20180322,   24,    0
111448,20180323,   28,    0
111448,20180324,   34,    0
111448,20180325,   54,    0
111448,20180326,   58,    0
111448,20180327,   41,    0
111448,20180328,   14,    0
111448,20180329,   52,    0
111448,20180330,   53,    0
111448,20180331,   34,    0
111448,20180401,   16,    0
111448,20180402,   52,    0
111448,20180403,  126,    0
111448,20180404,  156,    0
111448,20180405,  103,    0
111448,20180406,   75,    0
111448,20180407,  128,    0
111448,20180408,  146,    0
111448,20180409,  150,    0
111448,20180410,  173,    0
111448,20180411,  147,    0
111448,20180412,  166,    0
111448,20180413,  160,    0
111448,20180414,  132,    0
111448,20180415,  153,    0
111448,20180416,  125,    0
111448,20180417,  136,    0
111448,20180418,  165,    0
111448,20180419,  180,    0
111448,20180420,  203,    0
111448,20180421,  169,    0
111448,20180422,  171,    0
111448,20180423,  177,    0
111448,20180424,  132,    0
111448,20180425,  130,    0
111448,20180426,   95,    0
111448,20180427,  112,    0
111448,20180428,  158,    0
111448,20180429,  178,    0
111448,20180430,  173,    0
111448,20180501,  130,    0
111448,20180502,  110,    0
111448,20180503,  142,    0
111448,20180504,  122,    0
111448,20180505,  128,    0
111448,20180506,  152,    0
111448,20180507,  178,    0
111448,20180508,  190,    0
111448,20180509,  202,    0
111448,20180510,  203,    0
111448,20180511,  142,    0
111448,20180512,  171,    0
111448,20180513,  205,    0
111448,20180514,  191,    0
111448,20180515,  155,    0
111448,20180516,  167,    0
111448,20180517,  169,    0
111448,20180518,  127,    0
111448,20180519,  164,    0
111448,20180520,  161,    0
111448,20180521,  177,    0
111448,20180522,  189,    0
111448,20180523,  196,    0
111448,20180524,  202,    0
111448,20180525,  210,    0
111448,20180526,  204,    0
111448,20180527,  205,    0
111448,20180528,  252,    0
111448,20180529,  259,    0
111448,20180530,  240,    0
111448,20180531,  250,    0
111448,20180601,  238,    0
111448,20180602,  216,    0
111448,20180603,  201,    0
111448,20180604,  212,    0
111448,20180605,  184,    0
111448,20180606,  180,    0
111448,20180607,  209,    0
111448,20180608,  235,    0
111448,20180609,  245,    0
111448,20180610,  225,    0
111448,20180611,  200,    0
111448,20180612,  170,    0
111448,20180613,  158,    0
111448,20180614,  182,    0
111448,20180615,  194,    0
111448,20180616,  227,    0
111448,20180617,  223,    0
111448,20180618,  205,    0
111448,20180619,  216,    0
111448,20180620,  226,    0
111448,20180621,  180,    0
111448,20180622,  141,    0
111448,20180623,  138,    0
111448,20180624,  134,    0
111448,20180625,  162,    0
111448,20180626,  172,    0
111448,20180627,  196,    0
111448,20180628,  221,    0
111448,20180629,  221,    0
111448,20180630,  172,    0
111448,20180701,  169,    0
111448,20180702,  180,    0
111448,20180703,  217,    0
111448,20180704,  245,    0
111448,20180705,  248,    0
111448,20180706,  194,    0
111448,20180707,  196,    0
111448,20180708,  207,    0
111448,20180709,  200,    0
111448,20180710,  167,    0
111448,20180711,  184,    0
111448,20180712,  173,    0
111448,20180713,  205,    0
111448,20180714,  195,    0
111448,20180715,  198,    0
111448,20180716,  224,    0
111448,20180717,  236,    0
111448,20180718,  232,    0
111448,20180719,  208,    0
111448,20180720,  214,    0
111448,20180721,  220,    0
111448,20180722,  232,    0
111448,20180723,  229,    0
111448,20180724,  244,    0
111448,20180725,  263,    0
111448,20180726,  261,    0
111448,20180727,  260,    0
111448,20180728,  256,    0
111448,20180729,  236,    0
111448,20180730,  269,    0
111448,20180731,  288,    0
111448,20180801,  277,    0
111448,20180802,  266,    0
111448,20180803,  271,    0
111448,20180804,  277,    0
111448,20180805,  225,    0
111448,20180806,  231,    0
111448,20180807,  275,    0
111448,20180808,  289,    0
111448,20180809,  274,    0
111448,20180810,  212,    0
111448,20180811,  195,    0
111448,20180812,  203,    0
111448,20180813,  229,    0
111448,20180814,  207,    0
111448,20180815,  205,    0
111448,20180816,  229,    0
111448,20180817,  250,    0
111448,20180818,  218,    0
111448,20180819,  234,    0
111448,20180820,  216,    0
111448,20180821,  197,    0
111448,20180822,  211,    0
111448,20180823,  256,    0
111448,20180824,  206,    0
111448,20180825,  168,    0
111448,20180826,  156,    0
111448,20180827,  180,    0
111448,20180828,  182,    0
111448,20180829,  204,    0
111448,20180830,  174,    0
111448,20180831,  160,    0
111448,20180901,  174,    0
111448,20180902,  190,    0
111448,20180903,  229,    0
111448,20180904,  202,    0
111448,20180905,  197,    0
111448,20180906,  199,    0
111448,20180907,  187,    0
111448,20180908,  170,    0
111448,20180909,  193,    0
111448,20180910,  202,    0
111448,20180911,  219,    0
111448,20180912,  212,    0
111448,20180913,  147,    0
111448,20180914,  164,    0
111448,20180915,  165,    0
111448,20180916,  164,    0
111448,20180917,  188,    0
111448,20180918,  218,    0
111448,20180919,  229,    0
111448,20180920,  225,    0
111448,20180921,  196,    0
111448,20180922,  137,    0
111448,20180923,  106,    0
111448,20180924,   94,    0
111448,20180925,   94,    0
111448,20180926,  123,    0
111448,20180927,  183,    0
111448,20180928,  131,    0
111448,20180929,   99,    0
111448,20180930,  106,    0
111448,20181001,   93,    0
111448,20181002,   82,    0
111448,20181003,  113,    0
111448,20181004,  121,    0
111448,20181005,  152,    0
111448,20181006,  160,    0
111448,20181007,  116,    0
111448,20181008,   88,    0
111448,20181009,  114,    0
111448,20181010,  155,    0
111448,20181011,  175,    0
111448,20181012,  177,    0
111448,20181013,  174,    0
111448,20181014,  178,    0
111448,20181015,  159,    0
111448,20181016,  137,    0
111448,20181017,  132,    0
111448,20181018,  121,    0
111448,20181019,   98,    0
111448,20181020,   92,    0
111448,20181021,   99,    0
111448,20181022,   84,    0
111448,20181023,   89,    0
111448,20181024,   98,    0
111448,20181025,  113,    0
111448,20181026,  103,    0
111448,20181027,   79,    0
111448,20181028,   61,    0
111448,20181029,   46,    0
111448,20181030,  133,    0
111448,20181031,   90,    0
111448,20181101,   86,    0
111448,20181102,   91,    0
111448,20181103,   81,    0
111448,20181104,   93,    0
111448,20181105,  117,    0
111448,20181106,  124,    0
111448,20181107,  106,    0
111448,20181108,   95,    0
111448,20181109,   90,    0
111448,20181110,   88,    0
111448,20181111,   85,    0
111448,20181112,  114,    0
111448,20181113,  102,    0
111448,20181114,   78,    0
111448,20181115,   71,    0
111448,20181116,   54,    0
111448,20181117,   15,    0
111448,20181118,   18,    0
111448,20181119,   39,    0
111448,20181120,   24,    0
111448,20181121,   12,    0
111448,20181122,   11,    0
111448,20181123,   20,    0
111448,20181124,   20,    0
111448,20181125,   43,    0
111448,20181126,   25,    0
111448,20181127,   -2,    0
111448,20181128,    8,    0
111448,20181129,    5,    0
111448,20181130,    8,    0
111448,20181201,   37,    0
111448,20181202,   64,    0
111448,20181203,  110,    0
111448,20181204,   67,    0
111448,20181205,   29,    0
111448,20181206,   52,    0
111448,20181207,  106,    0
111448,20181208,   73,    0
111448,20181209,   74,    0
111448,20181210,   49,    0
111448,20181211,   38,    0
111448,20181212,   27,    0
111448,20181213,   20,    0
111448,20181214,    4,    0
111448,20181215,    0,    0
111448,20181216,   -4,    0
111448,20181217,    9,    0
111448,20181218,   37,    0
111448,20181219,   19,    0
111448,20181220,   38,    0
111448,20181221,   68,    0
111448,20181222,   67,    0
111448,20181223,   62,    0
111448,20181224,   20,    0
111448,20181225,   49,    0
111448,20181226,   58,    0
111448,20181227,   55,    0
111448,20181228,   62,    0
111448,20181229,   60,    0
111448,20181230,   63,    0
111448,20181231,   58,    0
111448,20190101,   66,    0
111448,20190102,   18,    0
111448,20190103,   -3,    0
111448,20190104,   21,    0
111448,20190105,   61,    0
111448,20190106,   23,    0
111448,20190107,   33,    0
111448,20190108,   48,    0
111448,20190109,   22,    0
111448,20190110,   12,    0
111448,20190111,   25,    0
111448,20190112,   52,    0
111448,20190113,   64,    0
111448,20190114,   25,    0
111448,20190115,   41,    0
111448,20190116,   63,    0
111448,20190117,   47,    0
111448,20190118,    7,    0
111448,20190119,    6,    0
111448,20190120,  -28,    0
111448,20190121,  -33,    0
111448,20190122,  -33,    0
111448,20190123,  -55,    0
111448,20190124,  -39,    0
111448,20190125,  -35,    0
111448,20190126,    8,    0
111448,20190127,   43,    0
111448,20190128,   34,    0
111448,20190129,   12,    0
111448,20190130,    0,    0
111448,20190131,    7,    0
111448,20190201,   -5,    0
111448,20190202,    9,    0
111448,20190203,   13,    0
111448,20190204,   13,    0
111448,20190205,   24,    0
111448,20190206,   34,    0
111448,20190207,   24,    0
111448,20190208,   55,    0
111448,20190209,   78,    0
111448,20190210,   66,    0
111448,20190211,   45,    0
111448,20190212,   33,    0
111448,20190213,   64,    0
111448,20190214,   75,    0
111448,20190215,   69,    0
111448,20190216,   78,    0
111448,20190217,   68,    0
111448,20190218,   75,    0
111448,20190219,   72,    0
111448,20190220,   79,    0
111448,20190221,   83,    0
111448,20190222,   33,    0
111448,20190223,    3,    0
111448,20190224,   44,    0
111448,20190225,   75,    0
111448,20190226,   72,    0
111448,20190227,   88,    0
111448,20190228,   85,    0
111448,20190301,   46,    0
111448,20190302,   43,    0
111448,20190303,   90,    0
111448,20190304,   98,    0
111448,20190305,   65,    0
111448,20190306,   72,    0
111448,20190307,  106,    0
111448,20190308,   79,    0
111448,20190309,   74,    0
111448,20190310,   47,    0
111448,20190311,   34,    0
111448,20190312,   57,    0
111448,20190313,   76,    0
111448,20190314,   59,    0
111448,20190315,   76,    0
111448,20190316,   68,    0
111448,20190317,   87,    0
111448,20190318,   52,    0
111448,20190319,   52,    0
111448,20190320,   77,    0
111448,20190321,  102,    0
111448,20190322,   87,    0
111448,20190323,   99,    0
111448,20190324,   71,    0
111448,20190325,   49,    0
111448,20190326,   52,    0
111448,20190327,   76,    0
111448,20190328,   90,    0
111448,20190329,  101,    0
111448,20190330,  117,    0
111448,20190331,   83,    0
111448,20190401,   59,    0
111448,20190402,   89,    0
111448,20190403,  134,    0
111448,20190404,  149,    0
111448,20190405,  106,    0
111448,20190406,  144,    0
111448,20190407,  135,    0
111448,20190408,  118,    0
111448,20190409,   67,    0
111448,20190410,   52,    0
111448,20190411,   36,    0
111448,20190412,   32,    0
111448,20190413,   46,    0
111448,20190414,   58,    0
111448,20190415,   75,    0
111448,20190416,   90,    0
111448,20190417,  109,    0
111448,20190418,  140,    0
111448,20190419,  148,    0
111448,20190420,  134,    0
111448,20190421,  142,    0
111448,20190422,  132,    0
111448,20190423,  145,    0
111448,20190424,  173,    0
111448,20190425,  190,    0
111448,20190426,  187,    0
111448,20190427,  134,    0
111448,20190428,  105,    0
111448,20190429,  105,    0
111448,20190430,  114,    0
111448,20190501,  131,    0
111448,20190502,  102,    0
111448,20190503,   87,    0
111448,20190504,   70,    0
111448,20190505,   75,    0
111448,20190506,   85,    0
111448,20190507,   88,    0
111448,20190508,  122,    0
111448,20190509,  139,    0
111448,20190510,  132,    0
111448,20190511,  112,    0
111448,20190512,  119,    0
111448,20190513,  103,    0
111448,20190514,   90,    0
111448,20190515,   86,    0
111448,20190516,   94,    0
111448,20190517,  135,    0
111448,20190518,  176,    0
111448,20190519,  190,    0
111448,20190520,  183,    0
111448,20190521,  181,    0
111448,20190522,  128,    0
111448,20190523,  142,    0
111448,20190524,  180,    0
111448,20190525,  138,    0
111448,20190526,  166,    0
111448,20190527,  183,    0
111448,20190528,  155,    0
111448,20190529,  128,    0
111448,20190530,  164,    0
111448,20190531,  194,    0
111448,20190601,  216,    0
111448,20190602,  238,    0
111448,20190603,  260,    0
111448,20190604,  247,    0
111448,20190605,  270,    0
111448,20190606,  217,    0
111448,20190607,  199,    0
111448,20190608,  186,    0
111448,20190609,  197,    0
111448,20190610,  215,    0
111448,20190611,  235,    0
111448,20190612,  224,    0
111448,20190613,  198,    0
111448,20190614,  234,    0
111448,20190615,  254,    0
111448,20190616,  189,    0
111448,20190617,  213,    0
111448,20190618,  237,    0
111448,20190619,  253,    0
111448,20190620,  222,    0
111448,20190621,  206,    0
111448,20190622,  203,    0
111448,20190623,  215,    0
111448,20190624,  233,    0
111448,20190625,  272,    0
111448,20190626,  292,    0
111448,20190627,  201,    0
111448,20190628,  190,    0
111448,20190629,  235,    0
111448,20190630,  288,    0
111448,20190701,  231,    0
111448,20190702,  182,    0
111448,20190703,  163,    0
111448,20190704,  177,    0
111448,20190705,  188,    0
111448,20190706,  182,    0
111448,20190707,  154,    0
111448,20190708,  144,    0
111448,20190709,  147,    0
111448,20190710,  164,    0
111448,20190711,  190,    0
111448,20190712,  186,    0
111448,20190713,  196,    0
111448,20190714,  173,    0
111448,20190715,  160,    0
111448,20190716,  172,    0
111448,20190717,  178,    0
111448,20190718,  213,    0
111448,20190719,  216,    0
111448,20190720,  233,    0
111448,20190721,  216,    0
111448,20190722,  208,    0
111448,20190723,  244,    0
111448,20190724,  259,    0
111448,20190725,  267,    0
111448,20190726,  252,    0
111448,20190727,  238,    0
111448,20190728,  252,    0
111448,20190729,  261,    0
111448,20190730,  228,    0
111448,20190731,  200,    0
111448,20190801,  194,    0
111448,20190802,  183,    0
111448,20190803,  197,    0
111448,20190804,  197,    0
111448,20190805,  206,    0
111448,20190806,  221,    0
111448,20190807,  214,    0
111448,20190808,  214,    0
111448,20190809,  225,    0
111448,20190810,  239,    0
111448,20190811,  235,    0
111448,20190812,  210,    0
111448,20190813,  187,    0
111448,20190814,  174,    0
111448,20190815,  182,    0
111448,20190816,  186,    0
111448,20190817,  206,    0
111448,20190818,  203,    0
111448,20190819,  192,    0
111448,20190820,  194,    0
111448,20190821,  184,    0
111448,20190822,  199,    0
111448,20190823,  215,    0
111448,20190824,  223,    0
111448,20190825,  247,    0
111448,20190826,  241,    0
111448,20190827,  258,    0
111448,20190828,  258,    0
111448,20190829,  246,    0
111448,20190830,  246,    0
111448,20190831,  269,    0
111448,20190901,  239,    0
111448,20190902,  174,    0
111448,20190903,  166,    0
111448,20190904,  205,    0
111448,20190905,  176,    0
111448,20190906,  152,    0
111448,20190907,  140,    0
111448,20190908,  160,    0
111448,20190909,  135,    0
111448,20190910,  155,    0
111448,20190911,  163,    0
111448,20190912,  179,    0
111448,20190913,  173,    0
111448,20190914,  139,    0
111448,20190915,  168,    0
111448,20190916,  142,    0
111448,20190917,  122,    0
111448,20190918,  117,    0
111448,20190919,  113,    0
111448,20190920,  123,    0
111448,20190921,  144,    0
111448,20190922,  166,    0
111448,20190923,  167,    0
111448,20190924,  154,    0
111448,20190925,  149,    0
111448,20190926,  155,    0
111448,20190927,  151,    0
111448,20190928,  143,    0
111448,20190929,  147,    0
111448,20190930,  146,    0
111448,20191001,  139,    0
111448,20191002,  104,    0
111448,20191003,   96,    0
111448,20191004,   88,    0
111448,20191005,   86,    0
111448,20191006,   65,    0
111448,20191007,   65,    0
111448,20191008,  101,    0
111448,20191009,  126,    0
111448,20191010,  114,    0
111448,20191011,  131,    0
111448,20191012,  166,    0
111448,20191013,  195,    0
111448,20191014,  186,    0
111448,20191015,  161,    0
111448,20191016,  121,    0
111448,20191017,  149,    0
111448,20191018,  148,    0
111448,20191019,  124,    0
111448,20191020,  150,    0
111448,20191021,  146,    0
111448,20191022,  129,    0
111448,20191023,  121,    0
111448,20191024,  138,    0
111448,20191025,  145,    0
111448,20191026,  146,    0
111448,20191027,  119,    0
111448,20191028,   84,    0
111448,20191029,   53,    0
111448,20191030,   31,    0
111448,20191031,   21,    0
111448,20191101,   30,    0
111448,20191102,  113,    0
111448,20191103,  109,    0
111448,20191104,  104,    0
111448,20191105,   95,    0
111448,20191106,   82,    0
111448,20191107,   83,    0
111448,20191108,   73,    0
111448,20191109,   69,    0
111448,20191110,   54,    0
111448,20191111,   29,    0
111448,20191112,   44,    0
111448,20191113,   50,    0
111448,20191114,   54,    0
111448,20191115,   72,    0
111448,20191116,   63,    0
111448,20191117,   43,    0
111448,20191118,   81,    0
111448,20191119,   65,    0
111448,20191120,   55,    0
111448,20191121,   82,    0
111448,20191122,   87,    0
111448,20191123,   59,    0
111448,20191124,   43,    0
111448,20191125,   43,    0
111448,20191126,   63,    0
111448,20191127,   65,    0
111448,20191128,  101,    0
111448,20191129,   55,    0
111448,20191130,   18,    0
111448,20191201,   27,    0
111448,20191202,   32,    0
111448,20191203,   30,    0
111448,20191204,   44,    0
111448,20191205,   11,    0
111448,20191206,   24,    0
111448,20191207,   80,    0
111448,20191208,   92,    0
111448,20191209,   74,    0
111448,20191210,   35,    0
111448,20191211,   28,    0
111448,20191212,   23,    0
111448,20191213,   13,    0
111448,20191214,   38,    0
111448,20191215,   59,    0
111448,20191216,   63,    0
111448,20191217,   84,    0
111448,20191218,   81,    0
111448,20191219,   43,    0
111448,20191220,   68,    0
111448,20191221,   71,    0
111448,20191222,   28,    0
111448,20191223,   68,    0
111448,20191224,   62,    0
111448,20191225,   55,    0
111448,20191226,   49,    0
111448,20191227,   31,    0
111448,20191228,   13,    0
111448,20191229,    0,    0
111448,20191230,   45,    0
111448,20191231,   60,    0
111448,20200101,   27,    0
111448,20200102,    9,    0
111448,20200103,   46,    0
111448,20200104,   42,    0
111448,20200105,   18,    0
111448,20200106,   49,    0
111448,20200107,   27,    0
111448,20200108,   64,    0
111448,20200109,   84,    0
111448,20200110,   94,    0
111448,20200111,   47,    0
111448,20200112,   37,    0
111448,20200113,   55,    0
111448,20200114,   70,    0
111448,20200115,  104,    0
111448,20200116,   77,    0
111448,20200117,   47,    0
111448,20200118,   56,    0
111448,20200119,   42,    0
111448,20200120,   24,    0
111448,20200121,   26,    0
111448,20200122,   43,    0
111448,20200123,   37,    0
111448,20200124,    4,    0
111448,20200125,    6,    0
111448,20200126,   -4,    0
111448,20200127,   52,    0
111448,20200128,   57,    0
111448,20200129,   47,    0
111448,20200130,   58,    0
111448,20200131,   99,    0
111448,20200201,  109,    0
111448,20200202,   74,    0
111448,20200203,   74,    0
111448,20200204,   53,    0
111448,20200205,   34,    0
111448,20200206,   47,    0
111448,20200207,   58,    0
111448,20200208,   51,    0
111448,20200209,   95,    0
111448,20200210,   74,    0
111448,20200211,   49,    0
111448,20200212,   47,    0
111448,20200213,   38,    0
111448,20200214,   41,    0
111448,20200215,   56,    0
111448,20200216,  118,    0
111448,20200217,   99,    0
111448,20200218,   70,    0
111448,20200219,   54,    0
111448,20200220,   51,    0
111448,20200221,   62,    0
111448,20200222,   84,    0
111448,20200223,   68,    0
111448,20200224,   53,    0
111448,20200225,   80,    0
111448,20200226,   29,    0
111448,20200227,   35,    0
111448,20200228,   39,    0
111448,20200229,   68,    0
111448,20200301,   71,    0
111448,20200302,   59,    0
111448,20200303,   48,    0
111448,20200304,   48,    0
111448,20200305,   53,    0
111448,20200306,   54,    0
111448,20200307,   45,    0
111448,20200308,   53,    0
111448,20200309,   75,    0
111448,20200310,   63,    0
111448,20200311,  100,    0
111448,20200312,  100,    0
111448,20200313,   64,    0
111448,20200314,   37,    0
111448,20200315,   57,    0
111448,20200316,   95,    0
111448,20200317,  100,    0
111448,20200318,  120,    0
111448,20200319,  106,    0
111448,20200320,   76,    0
111448,20200321,   38,    0
111448,20200322,   16,    0
111448,20200323,   13,    0
111448,20200324,   27,    0
111448,20200325,   38,    0
111448,20200326,   56,    0
111448,20200327,   92,    0
111448,20200328,   79,    0
111448,20200329,   29,    0
111448,20200330,    6,    0
111448,20200331,   17,    0
111448,20200401,   47,    0
111448,20200402,   72,    0
111448,20200403,   75,    0
111448,20200404,   80,    0
111448,20200405,  100,    0
111448,20200406,  138,    0
111448,20200407,  136,    0
111448,20200408,  142,    0
111448,20200409,  124,    0
111448,20200410,  100,    0
111448,20200411,   98,    0
111448,20200412,  142,    0
111448,20200413,   80,    0
111448,20200414,   62,    0
111448,20200415,   98,    0
111448,20200416,  118,    0
111448,20200417,  114,    0
111448,20200418,  106,    0
111448,20200419,   90,    0
111448,20200420,   99,    0
111448,20200421,  110,    0
111448,20200422,  122,    0
111448,20200423,  145,    0
111448,20200424,  145,    0
111448,20200425,  109,    0
111448,20200426,  124,    0
111448,20200427,  151,    0
111448,20200428,  170,    0
111448,20200429,  120,    0
111448,20200430,  137,    0
111448,20200501,  132,    0
111448,20200502,   99,    0
111448,20200503,  107,    0
111448,20200504,   90,    0
111448,20200505,   75,    0
111448,20200506,  114,    0
111448,20200507,  111,    0
111448,20200508,  146,    0
111448,20200509,  163,    0
111448,20200510,  175,    0
111448,20200511,   72,    0
111448,20200512,   73,    0
111448,20200513,   98,    0
111448,20200514,   91,    0
111448,20200515,   99,    0
111448,20200516,  126,    0
111448,20200517,  140,    0
111448,20200518,  164,    0
111448,20200519,  154,    0
111448,20200520,  155,    0
111448,20200521,  151,    0
111448,20200522,  174,    0
111448,20200523,  154,    0
111448,20200524,  128,    0
111448,20200525,  120,    0
111448,20200526,  145,    0
111448,20200527,  164,    0
111448,20200528,  149,    0
111448,20200529,  146,    0
111448,20200530,  138,    0
111448,20200531,  157,    0
111448,20200601,  170,    0
111448,20200602,  200,    0
111448,20200603,  190,    0
111448,20200604,  184,    0
111448,20200605,  141,    0
111448,20200606,  140,    0
111448,20200607,  154,    0
111448,20200608,  173,    0
111448,20200609,  181,    0
111448,20200610,  167,    0
111448,20200611,  169,    0
111448,20200612,  209,    0
111448,20200613,  219,    0
111448,20200614,  210,    0
111448,20200615,  201,    0
111448,20200616,  210,    0
111448,20200617,  233,    0
111448,20200618,  220,    0
111448,20200619,  185,    0
111448,20200620,  170,    0
111448,20200621,  184,    0
111448,20200622,  205,    0
111448,20200623,  195,    0
111448,20200624,  208,    0
111448,20200625,  234,    0
111448,20200626,  226,    0
111448,20200627,  250,    0
111448,20200628,  224,    0
111448,20200629,  196,    0
111448,20200630,  198,    0
111448,20200701,  199,    0
111448,20200702,  204,    0
111448,20200703,  198,    0
111448,20200704,  214,    0
111448,20200705,  226,    0
111448,20200706,  177,    0
111448,20200707,  161,    0
111448,20200708,  156,    0
111448,20200709,  172,    0
111448,20200710,  184,    0
111448,20200711,  158,    0
111448,20200712,  163,    0
111448,20200713,  188,    0
111448,20200714,  219,    0
111448,20200715,  165,    0
111448,20200716,  168,    0
111448,20200717,  168,    0
111448,20200718,  210,    0
111448,20200719,  236,    0
111448,20200720,  205,    0
111448,20200721,  180,    0
111448,20200722,  177,    0
111448,20200723,  186,    0
111448,20200724,  212,    0
111448,20200725,  213,    0
111448,20200726,  187,    0
111448,20200727,  207,    0
111448,20200728,  230,    0
111448,20200729,  192,    0
111448,20200730,  182,    0
111448,20200731,  203,    0
111448,20200801,  228,    0
111448,20200802,  210,    0
111448,20200803,  188,    0
111448,20200804,  183,    0
111448,20200805,  212,    0
111448,20200806,  237,    0
111448,20200807,  260,    0
111448,20200808,  285,    0
111448,20200809,  277,    0
111448,20200810,  255,    0
111448,20200811,  262,    0
111448,20200812,  251,    0
111448,20200813,  253,    0
111448,20200814,  236,    0
111448,20200815,  250,    0
111448,20200816,  249,    0
111448,20200817,  248,    0
111448,20200818,  212,    0
111448,20200819,  214,    0
111448,20200820,  244,    0
111448,20200821,  284,    0
111448,20200822,  232,    0
111448,20200823,  206,    0
111448,20200824,  188,    0
111448,20200825,  187,    0
111448,20200826,  177,    0
111448,20200827,  165,    0
111448,20200828,  175,    0
111448,20200829,  191,    0
111448,20200830,  178,    0
111448,20200831,  173,    0
111448,20200901,  150,    0
111448,20200902,  145,    0
111448,20200903,  177,    0
111448,20200904,  185,    0
111448,20200905,  162,    0
111448,20200906,  155,    0
111448,20200907,  153,    0
111448,20200908,  173,    0
111448,20200909,  200,    0
111448,20200910,  148,    0
111448,20200911,  163,    0
111448,20200912,  183,    0
111448,20200913,  182,    0
111448,20200914,  211,    0
111448,20200915,  232,    0
111448,20200916,  221,    0
111448,20200917,  146,    0
111448,20200918,  130,    0
111448,20200919,  144,    0
111448,20200920,  159,    0
111448,20200921,  171,    0
111448,20200922,  190,    0
111448,20200923,  202,    0
111448,20200924,  182,    0
111448,20200925,  135,    0
111448,20200926,  104,    0
111448,20200927,   99,    0
111448,20200928,  139,    0
111448,20200929,  144,    0
111448,20200930,  139,    0
111448,20201001,  124,    0
111448,20201002,  140,    0
111448,20201003,  169,    0
111448,20201004,  144,    0
111448,20201005,  118,    0
111448,20201006,  129,    0
111448,20201007,  126,    0
111448,20201008,  125,    0
111448,20201009,  131,    0
111448,20201010,  105,    0
111448,20201011,   80,    0
111448,20201012,   87,    0
111448,20201013,   81,    0
111448,20201014,  101,    0
111448,20201015,  105,    0
111448,20201016,   93,    0
111448,20201017,   93,    0
111448,20201018,   81,    0
111448,20201019,   89,    0
111448,20201020,   87,    0
111448,20201021,  123,    0
111448,20201022,  162,    0
111448,20201023,  140,    0
111448,20201024,  135,    0
111448,20201025,  127,    0
111448,20201026,  113,    0
111448,20201027,  100,    0
111448,20201028,  105,    0
111448,20201029,  104,    0
111448,20201030,  114,    0
111448,20201031,  139,    0
111448,20201101,  127,    0
111448,20201102,  170,    0
111448,20201103,  125,    0
111448,20201104,   92,    0
111448,20201105,   77,    0
111448,20201106,   91,    0
111448,20201107,   78,    0
111448,20201108,   49,    0
111448,20201109,   58,    0
111448,20201110,   54,    0
111448,20201111,   62,    0
111448,20201112,   78,    0
111448,20201113,   83,    0
111448,20201114,  115,    0
111448,20201115,  100,    0
111448,20201116,   98,    0
111448,20201117,  101,    0
111448,20201118,  110,    0
111448,20201119,   92,    0
111448,20201120,   35,    0
111448,20201121,   38,    0
111448,20201122,   82,    0
111448,20201123,   66,    0
111448,20201124,   34,    0
111448,20201125,   10,    0
111448,20201126,   41,    0
111448,20201127,   62,    0
111448,20201128,   36,    0
111448,20201129,   17,    0
111448,20201130,   16,    0
111448,20201201,   24,    0
111448,20201202,   -9,    0
111448,20201203,   -7,    0
111448,20201204,   14,    0
111448,20201205,   36,    0
111448,20201206,   78,    0
111448,20201207,   61,    0
111448,20201208,   41,    0
111448,20201209,   17,    0
111448,20201210,   -5,    0
111448,20201211,   -2,    0
111448,20201212,   13,    0
111448,20201213,   30,    0
111448,20201214,   53,    0
111448,20201215,   57,    0
111448,20201216,   80,    0
111448,20201217,   55,    0
111448,20201218,   54,    0
111448,20201219,   29,    0
111448,20201220,   31,    0
111448,20201221,   45,    0
111448,20201222,   93,    0
111448,20201223,   74,    0
111448,20201224,   69,    0
111448,20201225,   27,    0
111448,20201226,   10,    0
111448,20201227,   16,    0
111448,20201228,   28,    0
111448,20201229,   23,    0
111448,20201230,   25,    0
111448,20201231,   26,    0
